0.000000000000000000e+00 8.077999999999999625e-01
1.300000000000000044e-01 1.358127000000000066e+02
2.600000000000000089e-01 1.235995666666666608e+02
3.900000000000000133e-01 3.520366666666666333e+01
5.200000000000000178e-01 6.034133333333333127e+01
6.500000000000000222e-01 2.269709999999999894e+01
7.800000000000000266e-01 4.507133333333332992e+00
9.100000000000000311e-01 2.087666666666666782e+00
1.040000000000000036e+00 4.519000000000000239e-01
1.169999999999999929e+00 1.632333333333333414e-01
1.300000000000000044e+00 1.577333333333333365e-01
1.430000000000000160e+00 3.583333333333333509e-02
1.560000000000000053e+00 2.416666666666666616e-02
1.689999999999999947e+00 1.016666666666666587e-02
1.820000000000000062e+00 1.836666666666666656e-02
1.950000000000000178e+00 3.366666666666666679e-03
2.080000000000000071e+00 2.466666666666666487e-03
2.209999999999999964e+00 1.533333333333333380e-03
2.339999999999999858e+00 1.166666666666666763e-03
2.470000000000000195e+00 2.333333333333333310e-04
2.600000000000000089e+00 4.333333333333333134e-04
2.729999999999999982e+00 2.666666666666666794e-04
2.860000000000000320e+00 1.666666666666666611e-04
2.990000000000000213e+00 3.333333333333333493e-05
3.120000000000000107e+00 3.333333333333333493e-05
3.250000000000000000e+00 0.000000000000000000e+00
3.379999999999999893e+00 6.666666666666666986e-05
3.510000000000000231e+00 3.333333333333333493e-05
3.640000000000000124e+00 0.000000000000000000e+00
3.770000000000000018e+00 0.000000000000000000e+00
3.900000000000000355e+00 0.000000000000000000e+00
4.030000000000000249e+00 0.000000000000000000e+00
4.160000000000000142e+00 0.000000000000000000e+00
4.290000000000000036e+00 0.000000000000000000e+00
4.419999999999999929e+00 0.000000000000000000e+00
4.549999999999999822e+00 0.000000000000000000e+00
4.679999999999999716e+00 0.000000000000000000e+00
4.810000000000000497e+00 0.000000000000000000e+00
