0.000000000000000000e+00 4.540500000000000091e-01
1.300000000000000044e-01 1.030084599999999995e+02
2.600000000000000089e-01 1.270092099999999959e+02
3.900000000000000133e-01 4.860372999999999877e+01
5.200000000000000178e-01 7.413803000000000054e+01
6.500000000000000222e-01 6.082744000000000284e+01
7.800000000000000266e-01 2.210350999999999999e+01
9.100000000000000311e-01 9.218540000000000845e+00
1.040000000000000036e+00 2.599990000000000023e+00
1.169999999999999929e+00 1.021099999999999897e+00
1.300000000000000044e+00 1.006380000000000052e+00
1.430000000000000160e+00 3.230299999999999838e-01
1.560000000000000053e+00 2.071399999999999908e-01
1.689999999999999947e+00 1.117599999999999982e-01
1.820000000000000062e+00 2.704199999999999937e-01
1.950000000000000178e+00 6.321999999999999842e-02
2.080000000000000071e+00 4.451999999999999708e-02
2.209999999999999964e+00 2.759999999999999953e-02
2.339999999999999858e+00 5.433000000000000329e-02
2.470000000000000195e+00 1.314000000000000064e-02
2.600000000000000089e+00 1.093000000000000048e-02
2.729999999999999982e+00 8.330000000000000598e-03
2.860000000000000320e+00 6.939999999999999988e-03
2.990000000000000213e+00 6.309999999999999637e-03
3.120000000000000107e+00 5.109999999999999959e-03
3.250000000000000000e+00 2.929999999999999879e-03
3.379999999999999893e+00 2.299999999999999961e-03
3.510000000000000231e+00 2.129999999999999949e-03
3.640000000000000124e+00 1.420000000000000038e-03
3.770000000000000018e+00 1.699999999999999905e-03
3.900000000000000355e+00 1.129999999999999928e-03
4.030000000000000249e+00 7.299999999999999632e-04
4.160000000000000142e+00 5.999999999999999474e-04
4.290000000000000036e+00 4.299999999999999894e-04
4.419999999999999929e+00 5.699999999999999772e-04
4.549999999999999822e+00 3.499999999999999964e-04
4.679999999999999716e+00 4.200000000000000174e-04
4.810000000000000497e+00 2.900000000000000017e-04
