2.654880491459170116e+03 1.841867939558725514e-28
3.063539340753768556e+03 5.173485370921912045e-25
3.535101983889192525e+03 3.106552064506203713e-25
4.079251038252537910e+03 3.721554758354345319e-25
4.707159541342954071e+03 2.321577295995452835e-25
5.431720367263234948e+03 1.425315921913652306e-25
6.267810956695313507e+03 8.318285996330278656e-26
7.232598796072360528e+03 5.138232158388561232e-26
8.345893918365389254e+03 3.746140991365660950e-26
9.630555663399138211e+03 2.864011836016608051e-26
1.111296204972546184e+04 2.128403029437673381e-26
1.282355139568855157e+04 1.594811171039705248e-26
1.479744731081201098e+04 1.262499237543417373e-26
1.707517989048465461e+04 1.177090213767710198e-26
1.970351792226872203e+04 1.202037126825279612e-26
2.273642919156065182e+04 1.594057563600588670e-26
2.623618860460471478e+04 1.704805079082018673e-26
3.027465688200012664e+04 1.630505370718686390e-26
3.493475607817414129e+04 1.380518240681633579e-26
4.031217222373005643e+04 1.398462011297703205e-26
4.651732005110389582e+04 1.305276350226438337e-26
5.367761014533128764e+04 1.246078818340361441e-26
6.194006507143560884e+04 1.029665307004357647e-26
7.147433819550125918e+04 9.494600836849915973e-27
8.247619718502319301e+04 9.768578699717969760e-27
9.517154371540551074e+04 1.030537077921551542e-26
1.098210519194271474e+05 1.194596892653557471e-26
1.267255208211700228e+05 1.034604848337244211e-26
1.462320506561812363e+05 8.917328312629231595e-27
1.687411698965353426e+05 8.064069483269482362e-27
1.947150593203270109e+05 9.248736214458491861e-27
2.246870419907934265e+05 8.141838238432998225e-27
2.592725340032412496e+05 7.993018251632826155e-27
2.991816808519661427e+05 8.309052393764780618e-27
3.452339388802701142e+05 8.396050777192338968e-27
3.983749012151550269e+05 7.527384202087119678e-27
4.596957136743843439e+05 6.504212506078836654e-27
5.304554793136205990e+05 7.502102524528367054e-27
6.121071116472383728e+05 4.614379319093337123e-27
7.063271673881718889e+05 5.268077274869913802e-27
8.150502712638261728e+05 2.993646999323801772e-27
9.405088397543644533e+05 1.842662042846794060e-27
1.085278919402721338e+06 1.046937423744522476e-27
1.252333080896461615e+06 7.827279931419360103e-28
1.445101454998086207e+06 6.536384621404673612e-28
1.667542163577359170e+06 7.057503912336754241e-28
1.924222591909258161e+06 1.015026559897733845e-27
2.220413171005386859e+06 1.318831906269549283e-27
2.562195595615735278e+06 1.446939278464920853e-27
2.956587699946024455e+06 1.395614251421749049e-27
3.411687555169425905e+06 1.230078213485598340e-27
3.936839747493511066e+06 1.297285587810612958e-27
4.542827250977592543e+06 1.130571120697152983e-27
5.242092834833796136e+06 1.177433985807438500e-27
6.048994551378192380e+06 1.272833480975097463e-27
6.980100550577750430e+06 1.645176157245517328e-27
8.054529274633768015e+06 1.950745596999947268e-27
9.294342017832752317e+06 2.101211587375765348e-27
1.072499591211422160e+07 1.880993179646558172e-27
1.237586663952875510e+07 1.698018051798757130e-27
1.428085160446536168e+07 1.703715111569362963e-27
1.647906595061099529e+07 1.168000252579682249e-27
1.901564571399052441e+07 1.054267206065726083e-27
2.194267460326534882e+07 8.315626136283660539e-28
