0.000000000000000000e+00 2.253400000000000000e+04
1.300000000000000044e-01 5.150363000000000000e+06
2.600000000000000089e-01 6.350851000000000000e+06
3.900000000000000133e-01 2.431199000000000000e+06
5.200000000000000178e-01 3.709951000000000000e+06
6.500000000000000222e-01 3.044386000000000000e+06
7.800000000000000266e-01 1.104697000000000000e+06
9.100000000000000311e-01 4.620940000000000000e+05
1.040000000000000036e+00 1.302090000000000000e+05
1.169999999999999929e+00 5.093300000000000000e+04
1.300000000000000044e+00 5.020600000000000000e+04
1.430000000000000160e+00 1.634100000000000000e+04
1.560000000000000053e+00 1.031900000000000000e+04
1.689999999999999947e+00 5.722000000000000000e+03
1.820000000000000062e+00 1.351600000000000000e+04
1.950000000000000178e+00 3.149000000000000000e+03
2.080000000000000071e+00 2.248000000000000000e+03
2.209999999999999964e+00 1.388000000000000000e+03
2.339999999999999858e+00 2.627000000000000000e+03
2.470000000000000195e+00 6.960000000000000000e+02
2.600000000000000089e+00 5.520000000000000000e+02
2.729999999999999982e+00 4.370000000000000000e+02
2.860000000000000320e+00 3.590000000000000000e+02
2.990000000000000213e+00 3.180000000000000000e+02
3.120000000000000107e+00 2.450000000000000000e+02
3.250000000000000000e+00 1.300000000000000000e+02
3.379999999999999893e+00 1.070000000000000000e+02
3.510000000000000231e+00 9.500000000000000000e+01
3.640000000000000124e+00 7.200000000000000000e+01
3.770000000000000018e+00 7.600000000000000000e+01
3.900000000000000355e+00 5.600000000000000000e+01
4.030000000000000249e+00 4.200000000000000000e+01
4.160000000000000142e+00 2.700000000000000000e+01
4.290000000000000036e+00 2.100000000000000000e+01
4.419999999999999929e+00 3.100000000000000000e+01
4.549999999999999822e+00 1.600000000000000000e+01
4.679999999999999716e+00 1.700000000000000000e+01
4.810000000000000497e+00 9.000000000000000000e+00
