6.791938322005367809e+03 2.707999815353041470e-26
7.608399207223746998e+03 1.346177357183351678e-26
8.523007093414120391e+03 1.358411826083674787e-26
9.547560260168556852e+03 9.379150717483546829e-27
1.069527526170753481e+04 7.201145060674650276e-27
1.198095741808638559e+04 5.396580527475206099e-27
1.342119180119931480e+04 6.393869140334977297e-27
1.503455717926673606e+04 4.606157323154627002e-27
1.684186567965167342e+04 5.327081101537551207e-27
1.886643126161318651e+04 4.125816341058064869e-27
2.113437046224778169e+04 3.330701156803016574e-27
2.367493929518811638e+04 4.080410943504510935e-27
2.652091064799238666e+04 3.690747763351575684e-27
2.970899704658385599e+04 5.661673220147960778e-27
3.328032424032699782e+04 2.924854507846929596e-27
3.728096171690367191e+04 2.046048980272871286e-27
4.176251699053705670e+04 1.485702821207475943e-27
4.678280132977618632e+04 4.283324120987111110e-28
5.240657551261167828e+04 2.669690781164552826e-28
5.870638522903105331e+04 4.323233774184265361e-28
6.576349690755900519e+04 1.288107482329008957e-27
7.366894603777854354e+04 1.874030306332410845e-27
8.252471151200775057e+04 9.283266965453469136e-28
9.244503113493266574e+04 1.272647675364528314e-27
1.035578752710352710e+05 3.393303700212605090e-28
1.160065976396093320e+05 6.006499032644165213e-28
1.299517845523260330e+05 7.857432904580630340e-28
1.455733264481853985e+05 3.692379427749033108e-28
1.630727384482896887e+05 5.339219567333436269e-28
1.826757598651810549e+05 7.341701014851791839e-28
2.046352661999543780e+05 7.764969993500905396e-28
2.292345311913925689e+05 9.263694894012808994e-28
2.567908809969784052e+05 1.413625363142718854e-27
2.876597876440717373e+05 9.510221625282644796e-28
3.222394545560448314e+05 7.945626303977647322e-28
3.609759533058499801e+05 8.495462287348639618e-28
4.043689778602340957e+05 8.985847450188595325e-28
4.529782905433239648e+05 8.659077436603738605e-28
5.074309428713731468e+05 7.792125086887613436e-28
5.684293644061605446e+05 6.185235025069207159e-28
6.367604239718108438e+05 4.055307285679290873e-28
7.133055801231334917e+05 3.135772819908358579e-28
7.990522518047150224e+05 3.353754322586869832e-28
8.951065558802544838e+05 3.240561613690855777e-28
1.002707575844021165e+06 2.739769673341924204e-28
1.123243345778261311e+06 2.743848901967014451e-28
1.258268755746794865e+06 3.024458533146905305e-28
1.409525609601194272e+06 3.334819609996108415e-28
1.578965093941678293e+06 3.581571146878903301e-28
1.768772948078362504e+06 3.918683629422387779e-28
1.981397659680866636e+06 4.291317563091467577e-28
2.219582049835194368e+06 4.643132060663124872e-28
2.486398654949507676e+06 4.989627953079664972e-28
2.785289361929082312e+06 5.879335728655041530e-28
3.120109807907234877e+06 6.633126527454392090e-28
3.495179117280813865e+06 7.118461340672715384e-28
3.915335617649224587e+06 7.543447652064115212e-28
4.385999253382757306e+06 7.871815723761382820e-28
4.913241501944097690e+06 1.041186805814763885e-27
5.503863694871274754e+06 1.180797416249478174e-27
6.165484753748783842e+06 1.294174961238259372e-27
6.906639472945326008e+06 1.449695969465842321e-27
7.736888616948177107e+06 1.381047691184415825e-27
8.666942252530137077e+06 1.096358053016147422e-27
