6.791938322005367809e+03 1.195636667387454111e+00
7.608399207223746998e+03 1.193544039735687123e+00
8.523007093414120391e+03 1.192734150256693715e+00
9.547560260168556852e+03 1.193661519279734851e+00
1.069527526170753481e+04 1.193871613592747849e+00
1.198095741808638559e+04 1.194528137510604937e+00
1.342119180119931480e+04 1.191446081392935952e+00
1.503455717926673606e+04 1.191496557781290377e+00
1.684186567965167342e+04 1.195552461710541081e+00
1.886643126161318651e+04 1.194273960143850788e+00
2.113437046224778169e+04 1.189455508508040049e+00
2.367493929518811638e+04 1.195264432649664421e+00
2.652091064799238666e+04 1.194969606959009889e+00
2.970899704658385599e+04 1.188957139093597570e+00
3.328032424032699782e+04 1.190880849751327686e+00
3.728096171690367191e+04 1.195528821834133115e+00
4.176251699053705670e+04 1.196120623114267811e+00
4.678280132977618632e+04 1.196058076737742670e+00
5.240657551261167828e+04 1.196789253732679414e+00
5.870638522903105331e+04 1.196446616174926314e+00
6.576349690755900519e+04 1.195856570655842388e+00
7.366894603777854354e+04 1.195205853504094806e+00
8.252471151200775057e+04 1.196201521277332702e+00
9.244503113493266574e+04 1.196406629126348209e+00
1.035578752710352710e+05 1.195490476902508759e+00
1.160065976396093320e+05 1.196076477916835135e+00
1.299517845523260330e+05 1.195532682440782590e+00
1.455733264481853985e+05 1.196567834027965738e+00
1.630727384482896887e+05 1.196571751325226085e+00
1.826757598651810549e+05 1.195534530913376692e+00
2.046352661999543780e+05 1.195712779492176692e+00
2.292345311913925689e+05 1.195916183971039271e+00
2.567908809969784052e+05 1.195994954044833136e+00
2.876597876440717373e+05 1.195181554714566330e+00
3.222394545560448314e+05 1.196724359159816675e+00
3.609759533058499801e+05 1.196397651850043431e+00
4.043689778602340957e+05 1.196515127985426030e+00
4.529782905433239648e+05 1.196551124220467166e+00
5.074309428713731468e+05 1.196607156380660175e+00
5.684293644061605446e+05 1.196534877062465974e+00
6.367604239718108438e+05 1.196427623407670948e+00
7.133055801231334917e+05 1.196277832937537422e+00
7.990522518047150224e+05 1.196093265745769463e+00
8.951065558802544838e+05 1.195901840836040231e+00
1.002707575844021165e+06 1.195682154923314533e+00
1.123243345778261311e+06 1.195456208848285851e+00
1.258268755746794865e+06 1.195580653857108544e+00
1.409525609601194272e+06 1.195460480573308448e+00
1.578965093941678293e+06 1.195080089506935339e+00
1.768772948078362504e+06 1.194801337207422653e+00
1.981397659680866636e+06 1.194174061617806260e+00
2.219582049835194368e+06 1.193635474772294591e+00
2.486398654949507676e+06 1.193605208329457712e+00
2.785289361929082312e+06 1.193895226044470403e+00
3.120109807907234877e+06 1.193846748338915686e+00
3.495179117280813865e+06 1.193265947767057966e+00
3.915335617649224587e+06 1.192617543539164826e+00
4.385999253382757306e+06 1.192380307124369265e+00
4.913241501944097690e+06 1.195881168762997770e+00
5.503863694871274754e+06 1.196796444012027782e+00
6.165484753748783842e+06 1.196818465261739073e+00
6.906639472945326008e+06 1.196844280239548919e+00
7.736888616948177107e+06 1.196878466914683026e+00
8.666942252530137077e+06 1.196872302371479790e+00
