1.027724800439301465e-28 6.529553281679399079e+05
1.084711730436702641e-28 6.751765210873740725e+05
1.144858562957756617e-28 7.008539816253248136e+05
1.208340513336215222e-28 7.115547439381653676e+05
1.275342512526154676e-28 7.227336771103980718e+05
1.346059745829244712e-28 7.249580057368295966e+05
1.420698221494230206e-28 7.225371588991268072e+05
1.499475370845026489e-28 7.247824137312163366e+05
1.582620681685678208e-28 7.277248688100879081e+05
1.670376366827371642e-28 7.276237651267485926e+05
1.762998069685000417e-28 7.286380313126780093e+05
1.860755608998781181e-28 7.301423825615748065e+05
1.963933764850385306e-28 7.271571344190436648e+05
2.072833108263351352e-28 7.263856995415573474e+05
2.187770876804508752e-28 7.254296028314986033e+05
2.309081898737149892e-28 7.219730609251795104e+05
2.437119568418131475e-28 7.244666683826610679e+05
2.572256875780349920e-28 7.271725798193727387e+05
2.714887492899612738e-28 7.323783266680628294e+05
2.865426920811207332e-28 7.368276114421765087e+05
3.024313699916993651e-28 7.450358935374676948e+05
3.192010687509081833e-28 7.501529847489399835e+05
3.369006406131695548e-28 7.570501921693185577e+05
3.555816466709154833e-28 7.751325867625568062e+05
3.752985070585742104e-28 7.949785075344506186e+05
3.961086594853076882e-28 8.250729654764913721e+05
4.180727265583264181e-28 8.533289850759658730e+05
4.412546923842150097e-28 8.896098858546150150e+05
4.657220889627305037e-28 9.142274946138468804e+05
4.915461929160630292e-28 9.443000709272841923e+05
5.188022331266555162e-28 9.729771120653488906e+05
5.475696098884565576e-28 1.007071212556488696e+06
5.779321262100238736e-28 1.040163234966627322e+06
6.099782319432920967e-28 1.070576315896966262e+06
6.438012814491836221e-28 1.107589387184344931e+06
6.794998055506739429e-28 1.148702293442936148e+06
7.171777985655471486e-28 1.176267659039803315e+06
7.569450212550018955e-28 1.192721200712189078e+06
7.989173205706374611e-28 1.199823690951124532e+06
8.432169671312822093e-28 1.211539761995196342e+06
8.899730114127778003e-28 1.233532670715390239e+06
9.393216596883448321e-28 1.257315900902888272e+06
9.914066708146905342e-28 1.277731513250972377e+06
1.046379775019749664e-27 1.308171765997881535e+06
1.104401115912037121e-27 1.337983882027831627e+06
1.165639716999243417e-27 1.367280528095912188e+06
1.230273974075099163e-27 1.411570865245308727e+06
1.298492174908896154e-27 1.433148041831743903e+06
1.370493047751583600e-27 1.436040145114749204e+06
1.446486340256309352e-27 1.429591911497895606e+06
1.526693430499872802e-27 1.427217458429224091e+06
1.611347971885075904e-27 1.408442401465830160e+06
1.700696573802649976e-27 1.375841619038708741e+06
1.794999520035614359e-27 1.340583936301499372e+06
1.894531526998873059e-27 1.367218028370791348e+06
1.999582544022890693e-27 1.376205022809937131e+06
2.110458598012781879e-27 1.330404223690018291e+06
2.227482684943406623e-27 1.316915168433012441e+06
2.350995710787517302e-27 1.329022009882225888e+06
2.481357484617993181e-27 1.373613928178667324e+06
2.618947766777194748e-27 1.305960682388832560e+06
2.764167375166899247e-27 1.228560238286942942e+06
2.917439352881559575e-27 1.226197652800206793e+06
3.079210200586371446e-27 1.129119245207435451e+06
3.249951177230208569e-27 1.038175480978228967e+06
3.430159672882569917e-27 8.686388126203060383e+05
3.620360657693788375e-27 8.949111439578176942e+05
3.821108211199505565e-27 7.531214378179106861e+05
4.032987136424470424e-27 6.641171867215149105e+05
4.256614663487747265e-27 5.492745345564635936e+05
4.492642247672151537e-27 4.938288692567831022e+05
4.741757467195922973e-27 3.823931410244322033e+05
5.004686026215072034e-27 2.961125651869621361e+05
5.282193868891419711e-27 2.607905227808427881e+05
5.575089410684852781e-27 1.619497850788281648e+05
5.884225893369853549e-27 1.478279682839412708e+05
6.210503870636753550e-27 1.212293846389842220e+05
6.554873831518579923e-27 1.036673758748016407e+05
6.918338969285885172e-27 8.069310071117609914e+04
7.301958103875672830e-27 5.811399630355567206e+04
7.706848766367860085e-27 5.990602257029444445e+04
8.134190454494711290e-27 5.747135358002996509e+04
8.585228068666985687e-27 3.803239411991918314e+04
9.061275538526350437e-27 3.807107282031182694e+04
9.563719650588683841e-27 4.793891008169592533e+04
1.009402408812867928e-26 2.530438486085646582e+04
1.065373369507441849e-26 3.145578823957161148e+04
1.124447897633322034e-26 3.677324054846920626e+04
1.186798084765873996e-26 3.342092812414505170e+04
1.252605564889632156e-26 3.064642573000476477e+04
1.322062043521079366e-26 2.098399990006839289e+04
1.395369856171073215e-26 4.137676686377335136e+04
1.472742557773793112e-26 1.726270151249640912e+04
1.554405544799282974e-26 2.317900151877422832e+04
1.640596711861890698e-26 1.672922020230592898e+04
1.731567144737380843e-26 3.067038663352224830e+04
1.827581851807570918e-26 2.092533231082531347e+04
1.928920536063278854e-26 1.192503820366246691e+04
2.035878409914528481e-26 2.719719536241945389e+04
2.148767055181654099e-26 1.805927385585692173e+04
2.267915330772567865e-26 2.676887325718628199e+04
2.393670330690371539e-26 2.120410771463095443e+04
2.526398395162106105e-26 1.352169765933787130e+04
2.666486177834188155e-26 2.046147939932723602e+04
2.814341772143405677e-26 1.632162424138250208e+04
2.970395900144737719e-26 1.002597724638553154e+04
3.135103167259202300e-26 2.670326081923791207e+04
3.308943386596969003e-26 1.651968809575390696e+04
3.492422976713663932e-26 2.037550168503649547e+04
3.686076436871699669e-26 1.874606365950782492e+04
3.890467904104258270e-26 1.548693298523702106e+04
4.106192796617854612e-26 1.401317215037700771e+04
4.333879548320909308e-26 1.852438895411474005e+04
4.574191439531243568e-26 6.967345283195966658e+03
4.827828529195573837e-26 6.637171511740660208e+03
5.095529694249801223e-26 1.059076297920682373e+04
5.378074782061022904e-26 6.366620863269585243e+03
5.676286882221587169e-26 6.573931593923943183e+03
5.991034724313222958e-26 9.250105511539059080e+03
6.323235208626242583e-26 6.027661099010208090e+03
6.673856077206098031e-26 5.527039769497270754e+03
7.043918733008414875e-26 5.900814442693817000e+03
7.434501215375047433e-26 5.583072096400799637e+03
7.846741340499081768e-26 5.181467665096834025e+03
8.281840016027390442e-26 5.414238185360293755e+03
8.741064739456552683e-26 5.474517884548443362e+03
9.225753290513447541e-26 5.925096138379885815e+03
9.737317628276876505e-26 5.325563984852596150e+03
