0.000000000000000000e+00 1.236899999999999944e-01
1.300000000000000044e-01 6.845694000000000301e+01
2.600000000000000089e-01 1.237616900000000015e+02
3.900000000000000133e-01 7.219150000000000489e+01
5.200000000000000178e-01 8.790130999999999517e+01
6.500000000000000222e-01 1.566203600000000051e+02
7.800000000000000266e-01 4.782887000000000199e+01
9.100000000000000311e-01 1.925289000000000073e+01
1.040000000000000036e+00 4.564700000000000202e+00
1.169999999999999929e+00 1.683140000000000081e+00
1.300000000000000044e+00 1.857050000000000090e+00
1.430000000000000160e+00 4.464299999999999935e-01
1.560000000000000053e+00 3.269299999999999984e-01
1.689999999999999947e+00 1.471699999999999953e-01
1.820000000000000062e+00 2.449600000000000111e-01
1.950000000000000178e+00 4.821000000000000285e-02
2.080000000000000071e+00 3.679000000000000326e-02
2.209999999999999964e+00 1.915000000000000036e-02
2.339999999999999858e+00 1.862000000000000113e-02
2.470000000000000195e+00 5.799999999999999600e-03
2.600000000000000089e+00 3.469999999999999994e-03
2.729999999999999982e+00 2.079999999999999818e-03
2.860000000000000320e+00 1.420000000000000038e-03
2.990000000000000213e+00 8.000000000000000383e-04
3.120000000000000107e+00 5.000000000000000104e-04
3.250000000000000000e+00 2.500000000000000052e-04
3.379999999999999893e+00 1.499999999999999869e-04
3.510000000000000231e+00 1.000000000000000048e-04
3.640000000000000124e+00 5.000000000000000240e-05
3.770000000000000018e+00 1.000000000000000082e-05
3.900000000000000355e+00 5.000000000000000240e-05
4.030000000000000249e+00 1.000000000000000082e-05
4.160000000000000142e+00 0.000000000000000000e+00
4.290000000000000036e+00 1.000000000000000082e-05
4.419999999999999929e+00 0.000000000000000000e+00
4.549999999999999822e+00 0.000000000000000000e+00
4.679999999999999716e+00 0.000000000000000000e+00
4.810000000000000497e+00 0.000000000000000000e+00
