0.000000000000000000e+00 1.152689999999999992e+00
1.300000000000000044e-01 1.249353200000000044e+02
2.600000000000000089e-01 7.525333999999999435e+01
3.900000000000000133e-01 1.061204999999999998e+01
5.200000000000000178e-01 8.427270000000000039e+00
6.500000000000000222e-01 4.346200000000000063e-01
7.800000000000000266e-01 4.343000000000000332e-02
9.100000000000000311e-01 1.857999999999999929e-02
1.040000000000000036e+00 1.789999999999999925e-03
1.169999999999999929e+00 2.700000000000000035e-04
1.300000000000000044e+00 6.999999999999999387e-05
1.430000000000000160e+00 0.000000000000000000e+00
1.560000000000000053e+00 0.000000000000000000e+00
1.689999999999999947e+00 0.000000000000000000e+00
1.820000000000000062e+00 0.000000000000000000e+00
1.950000000000000178e+00 0.000000000000000000e+00
2.080000000000000071e+00 0.000000000000000000e+00
2.209999999999999964e+00 0.000000000000000000e+00
2.339999999999999858e+00 0.000000000000000000e+00
2.470000000000000195e+00 0.000000000000000000e+00
2.600000000000000089e+00 0.000000000000000000e+00
2.729999999999999982e+00 0.000000000000000000e+00
2.860000000000000320e+00 0.000000000000000000e+00
2.990000000000000213e+00 0.000000000000000000e+00
3.120000000000000107e+00 0.000000000000000000e+00
3.250000000000000000e+00 0.000000000000000000e+00
3.379999999999999893e+00 0.000000000000000000e+00
3.510000000000000231e+00 0.000000000000000000e+00
3.640000000000000124e+00 0.000000000000000000e+00
3.770000000000000018e+00 0.000000000000000000e+00
3.900000000000000355e+00 0.000000000000000000e+00
4.030000000000000249e+00 0.000000000000000000e+00
4.160000000000000142e+00 0.000000000000000000e+00
4.290000000000000036e+00 0.000000000000000000e+00
4.419999999999999929e+00 0.000000000000000000e+00
4.549999999999999822e+00 0.000000000000000000e+00
4.679999999999999716e+00 0.000000000000000000e+00
4.810000000000000497e+00 0.000000000000000000e+00
