1.021130871364694613e+05 1.195256382462612121e+00
1.064285641543346574e+05 1.195084689413282497e+00
1.109264207516835741e+05 1.195162867799788975e+00
1.156143646073833515e+05 1.195159466217449618e+00
1.205004291402423987e+05 1.195226014160596373e+00
1.255929872753484669e+05 1.194998680141688308e+00
1.309007657921948557e+05 1.195340084653163437e+00
1.364328602791846497e+05 1.195053298619882964e+00
1.421987507201382541e+05 1.195123727193861729e+00
1.482083177395133243e+05 1.195118239419880490e+00
1.544718595341764158e+05 1.195204080828537796e+00
1.610001095207402832e+05 1.195101056204696643e+00
1.678042547287093475e+05 1.195163593780943057e+00
1.748959549709511339e+05 1.195312576403446236e+00
1.822873628243445419e+05 1.195379308547297015e+00
1.899911444548458094e+05 1.195196330707355203e+00
1.980205013226587907e+05 1.195169886244981550e+00
2.063891928047016845e+05 1.195121974066673420e+00
2.151115597731405287e+05 1.195184716797072388e+00
2.242025491703909065e+05 1.195154302658032686e+00
2.336777396227032295e+05 1.194958902682295987e+00
2.435533681362234056e+05 1.195158499299080912e+00
2.538463579212730110e+05 1.195247646141075260e+00
2.645743473925343133e+05 1.195249949987909677e+00
2.757557203948337119e+05 1.195274858169050658e+00
2.874096377063175896e+05 1.195281040950888274e+00
2.995560698730093427e+05 1.195246167236800217e+00
3.122158314310096903e+05 1.195259768331777606e+00
3.254106165749894571e+05 1.195311242396921214e+00
3.391630363340940094e+05 1.195403239039706689e+00
3.534966573189643677e+05 1.195327071463599289e+00
3.684360421062775422e+05 1.195351186954626943e+00
3.840067913300074870e+05 1.195416056881641875e+00
4.002355875515345833e+05 1.195333138013040752e+00
4.171502409837839659e+05 1.195351600243080403e+00
4.347797371477438719e+05 1.195373134308527430e+00
4.531542865430333768e+05 1.195409907303022878e+00
4.723053764176355326e+05 1.195378279425783008e+00
4.922658247255055467e+05 1.195383017643917078e+00
5.130698363645255449e+05 1.195296925974531854e+00
5.347530617911730660e+05 1.195228644439795040e+00
5.573526581123447977e+05 1.195197770132387927e+00
5.809073527590306476e+05 1.195117865453559025e+00
6.054575098509440431e+05 1.195010155202888669e+00
6.310451993658414576e+05 1.194933815040818859e+00
6.577142692320575006e+05 1.194864022249081614e+00
6.855104204677917296e+05 1.194753747336026128e+00
7.144812854959170800e+05 1.194671822821820717e+00
7.446765097685088404e+05 1.194606132054589098e+00
7.761478368409652030e+05 1.194539915233371996e+00
8.089491970415110700e+05 1.194526578452671961e+00
8.431367998880263185e+05 1.194560017944190644e+00
8.787692304105747025e+05 1.194610167750809193e+00
9.159075495446908753e+05 1.194708243590876018e+00
9.546153987674550153e+05 1.194788322917877732e+00
9.949591091556786560e+05 1.194917803827579394e+00
1.037007815053078346e+06 1.195059170659885872e+00
1.080833572541217785e+06 1.195243322073254566e+00
1.126511482917242683e+06 1.195378842344483106e+00
1.174119821389995283e+06 1.195514557133054545e+00
1.223740171215055976e+06 1.195636526675068811e+00
1.275457563498566858e+06 1.195791222597619496e+00
1.329360622909398284e+06 1.195964672020831454e+00
1.385541719549376052e+06 1.196115055830594187e+00
1.444097127241807524e+06 1.196223099845725280e+00
1.505127188509551110e+06 1.196292337718723786e+00
1.568736486525352579e+06 1.196356840537754040e+00
1.635034024329094915e+06 1.196407012496168099e+00
1.704133411619089311e+06 1.196468264029945772e+00
1.776153059437493794e+06 1.196501605475250196e+00
1.851216383083460620e+06 1.196513742969157246e+00
1.929452013601764571e+06 1.196521576676758958e+00
2.010994018209304661e+06 1.196527681173028546e+00
2.095982130037207156e+06 1.196540447726371026e+00
2.184561987582239322e+06 1.196569517912711378e+00
2.276885384277845733e+06 1.196617355406274674e+00
2.373110528612502851e+06 1.196667451531652215e+00
2.473402315241132863e+06 1.196681942181208713e+00
2.577932607554132119e+06 1.196715192009186080e+00
2.686880532188288402e+06 1.196744970700254207e+00
2.800432785984234884e+06 1.196770337097311732e+00
2.918783955916447565e+06 1.196778084288915078e+00
3.042136852544060908e+06 1.196769868430079820e+00
3.170702857553875539e+06 1.196765636155862289e+00
3.304702285991157405e+06 1.196760556277438825e+00
3.444364763798943721e+06 1.196766555730042647e+00
3.589929621312792413e+06 1.196788160448270855e+00
3.741646303385328036e+06 1.196815674397607054e+00
3.899774796843369491e+06 1.196814608050381201e+00
4.064586076010120567e+06 1.196811173241081327e+00
4.236362567055922933e+06 1.196818228898672842e+00
4.415398631973261014e+06 1.196824452866587452e+00
4.602001073005411774e+06 1.196799051207917186e+00
4.796489658393145539e+06 1.196779145660943122e+00
4.999197670340338722e+06 1.196787624048198051e+00
5.210472476137625054e+06 1.196777091239540347e+00
5.430676123422717676e+06 1.196770204961235873e+00
5.660185960597446188e+06 1.196735342806298341e+00
5.899395283464722335e+06 1.196712141077207248e+00
6.148714009193487465e+06 1.196702107442456198e+00
6.408569378766614944e+06 1.196711895165898598e+00
6.679406689115500078e+06 1.196729665929834541e+00
6.961690056195868179e+06 1.196772024233095921e+00
7.255903210312566720e+06 1.196819716462917071e+00
7.562550325056146830e+06 1.196805951187611461e+00
7.882156881271729246e+06 1.196880094212984691e+00
8.215270567540729418e+06 1.196881462096328619e+00
8.562462218718469143e+06 1.196824694220794294e+00
8.924326794136065990e+06 1.196910950808576679e+00
9.301484397142849863e+06 1.196790976664913631e+00
9.694581337736340240e+06 1.196892295869609102e+00
1.010429124010089226e+07 1.196911688632221971e+00
1.053131619695285894e+07 0.000000000000000000e+00
1.097638797267033160e+07 0.000000000000000000e+00
1.144026925726930238e+07 0.000000000000000000e+00
1.192375497337497212e+07 0.000000000000000000e+00
1.242767363842802122e+07 0.000000000000000000e+00
1.295288878446009383e+07 0.000000000000000000e+00
1.350030043787135370e+07 0.000000000000000000e+00
1.407084666174613684e+07 0.000000000000000000e+00
1.466550516334953904e+07 0.000000000000000000e+00
1.528529496955954656e+07 0.000000000000000000e+00
1.593127817310591973e+07 0.000000000000000000e+00
1.660456175260807574e+07 0.000000000000000000e+00
1.730629946953105554e+07 0.000000000000000000e+00
1.803769384531016275e+07 0.000000000000000000e+00
1.879999822203216702e+07 0.000000000000000000e+00
1.959451891020467132e+07 0.000000000000000000e+00
