0.000000000000000000e+00 8.758899999999999464e-01
1.300000000000000044e-01 1.199534299999999973e+02
2.600000000000000089e-01 1.053124600000000015e+02
3.900000000000000133e-01 2.917231999999999914e+01
5.200000000000000178e-01 4.926872999999999791e+01
6.500000000000000222e-01 2.060944999999999894e+01
7.800000000000000266e-01 4.609420000000000073e+00
9.100000000000000311e-01 2.022250000000000103e+00
1.040000000000000036e+00 4.636299999999999866e-01
1.169999999999999929e+00 1.700899999999999912e-01
1.300000000000000044e+00 1.682899999999999952e-01
1.430000000000000160e+00 4.263000000000000123e-02
1.560000000000000053e+00 2.914999999999999883e-02
1.689999999999999947e+00 1.316999999999999942e-02
1.820000000000000062e+00 2.494999999999999996e-02
1.950000000000000178e+00 4.449999999999999963e-03
2.080000000000000071e+00 3.220000000000000206e-03
2.209999999999999964e+00 2.129999999999999949e-03
2.339999999999999858e+00 2.490000000000000026e-03
2.470000000000000195e+00 6.199999999999999999e-04
2.600000000000000089e+00 5.100000000000000366e-04
2.729999999999999982e+00 4.600000000000000139e-04
2.860000000000000320e+00 3.800000000000000209e-04
2.990000000000000213e+00 2.599999999999999772e-04
3.120000000000000107e+00 1.499999999999999869e-04
3.250000000000000000e+00 1.000000000000000048e-04
3.379999999999999893e+00 6.000000000000000152e-05
3.510000000000000231e+00 6.000000000000000152e-05
3.640000000000000124e+00 4.000000000000000327e-05
3.770000000000000018e+00 3.000000000000000076e-05
3.900000000000000355e+00 3.000000000000000076e-05
4.030000000000000249e+00 1.000000000000000082e-05
4.160000000000000142e+00 0.000000000000000000e+00
4.290000000000000036e+00 0.000000000000000000e+00
4.419999999999999929e+00 2.000000000000000164e-05
4.549999999999999822e+00 0.000000000000000000e+00
4.679999999999999716e+00 1.000000000000000082e-05
4.810000000000000497e+00 0.000000000000000000e+00
