0.000000000000000000e+00 1.223599999999999965e-01
1.300000000000000044e-01 2.201698000000000022e+01
2.600000000000000089e-01 2.195241000000000042e+01
3.900000000000000133e-01 7.001820000000000377e+00
5.200000000000000178e-01 1.192608000000000068e+01
6.500000000000000222e-01 6.896849999999999703e+00
7.800000000000000266e-01 1.836289999999999978e+00
9.100000000000000311e-01 7.699200000000000488e-01
1.040000000000000036e+00 1.836800000000000099e-01
1.169999999999999929e+00 6.854999999999999982e-02
1.300000000000000044e+00 7.276000000000000523e-02
1.430000000000000160e+00 1.786000000000000087e-02
1.560000000000000053e+00 1.267000000000000071e-02
1.689999999999999947e+00 5.950000000000000427e-03
1.820000000000000062e+00 1.208000000000000046e-02
1.950000000000000178e+00 2.299999999999999961e-03
2.080000000000000071e+00 1.840000000000000056e-03
2.209999999999999964e+00 1.049999999999999935e-03
2.339999999999999858e+00 1.459999999999999926e-03
2.470000000000000195e+00 5.500000000000000331e-04
2.600000000000000089e+00 3.699999999999999947e-04
2.729999999999999982e+00 2.700000000000000035e-04
2.860000000000000320e+00 1.600000000000000131e-04
2.990000000000000213e+00 1.700000000000000122e-04
3.120000000000000107e+00 1.399999999999999877e-04
3.250000000000000000e+00 5.000000000000000240e-05
3.379999999999999893e+00 4.000000000000000327e-05
3.510000000000000231e+00 5.000000000000000240e-05
3.640000000000000124e+00 0.000000000000000000e+00
3.770000000000000018e+00 1.000000000000000082e-05
3.900000000000000355e+00 1.000000000000000082e-05
4.030000000000000249e+00 0.000000000000000000e+00
4.160000000000000142e+00 0.000000000000000000e+00
4.290000000000000036e+00 0.000000000000000000e+00
4.419999999999999929e+00 0.000000000000000000e+00
4.549999999999999822e+00 0.000000000000000000e+00
4.679999999999999716e+00 0.000000000000000000e+00
4.810000000000000497e+00 1.000000000000000082e-05
