1.086344023417131500e+21 -2.163374661097418889e+07
1.174539382885744640e+21 0.000000000000000000e+00
1.269894924823378788e+21 0.000000000000000000e+00
1.372991952070661112e+21 0.000000000000000000e+00
1.484458960817558913e+21 0.000000000000000000e+00
1.604975472018022990e+21 0.000000000000000000e+00
1.735276173859858416e+21 0.000000000000000000e+00
1.876155400543020515e+21 0.000000000000000000e+00
2.028471974669681426e+21 -8.371981461811818182e+07
2.193154442765981975e+21 0.000000000000000000e+00
2.371206735852192399e+21 0.000000000000000000e+00
2.563714289568964411e+21 -1.191016513647891283e+08
2.771850661168934289e+21 0.000000000000000000e+00
2.996884683711935152e+21 0.000000000000000000e+00
3.240188201077031567e+21 -1.137118059902402610e+08
3.503244430945202209e+21 -2.252083213847121000e+08
3.787657006734732427e+21 0.000000000000000000e+00
4.095159753610441523e+21 -1.635723760220653713e+08
4.427627258162971148e+21 -2.273221794306885898e+08
4.787086296192555942e+21 -6.228075450697360039e+08
5.175728188262740656e+21 -4.051284453072032332e+08
5.595922158345790685e+21 -8.032869558230273724e+08
6.050229776996119871e+21 -1.026475105319005132e+09
6.541420577099584897e+21 -7.066963182558068037e+08
7.072488937394830049e+21 -1.557107690948371649e+09
7.646672336691517194e+21 -1.340576537395292759e+09
8.267471090066028233e+21 -1.572574793205792189e+09
8.938669687349381693e+21 -1.213190794595464945e+09
9.664359863990798516e+21 -1.388598814405663967e+09
1.044896554494033134e+22 -1.204536187397503138e+09
1.129726981361241791e+22 -8.245292255593789816e+08
1.221444407033759950e+22 -3.486539500255898237e+08
1.320607955805730033e+22 9.264294302054601908e+08
1.427822144744728612e+22 2.840092874073499680e+09
1.543740568925770036e+22 6.461713533862336159e+09
1.669069885852847020e+22 1.155577406917448997e+10
1.804574123357633092e+22 1.699340340643119812e+10
1.951079337236985650e+22 2.890839971171378326e+10
2.109478647022965332e+22 3.984951377924036407e+10
2.280737680584293640e+22 5.955715799600437927e+10
2.465900460750392210e+22 8.148134011390550232e+10
2.666095769843734571e+22 1.170713119455261078e+11
2.882544030919881549e+22 1.525952089457904358e+11
3.116564747664277845e+22 2.039572932223847351e+11
3.369584548300595187e+22 2.562940654445376282e+11
3.643145882547602535e+22 2.854482244555086060e+11
3.938916424642708741e+22 3.189127120939919434e+11
4.258699239754487667e+22 3.957778776592169189e+11
4.604443775760124713e+22 4.938714521136072998e+11
4.978257747395727485e+22 4.811815645712203369e+11
5.382419985227047135e+22 3.845178669974732056e+11
5.819394327769980391e+22 4.783573383734033203e+11
6.291844641449482545e+22 6.528995074233598633e+11
6.802651059961159955e+22 7.170970017919586182e+11
7.354927542033213660e+22 7.459460427219571533e+11
7.952040854623458060e+22 6.950724044984012451e+11
8.597631097276521775e+22 4.846989957993433228e+11
9.295633892760785990e+22 2.957248868406867676e+11
1.005030437926270486e+23 2.283032521282721863e+11
1.086624315039882685e+23 2.288548372103069458e+11
1.174842430118031807e+23 2.505066122656210938e+11
1.270222575090258799e+23 3.148640823001136475e+11
1.373346202781277739e+23 3.424306757757438965e+11
1.484841971541664030e+23 3.282662489038260498e+11
