0.000000000000000000e+00 1.981000000000000000e+04
1.300000000000000044e-01 3.849301000000000000e+06
2.600000000000000089e-01 3.783506000000000000e+06
3.900000000000000133e-01 1.187657000000000000e+06
5.200000000000000178e-01 2.025024000000000000e+06
6.500000000000000222e-01 1.073724000000000000e+06
7.800000000000000266e-01 2.798560000000000000e+05
9.100000000000000311e-01 1.177720000000000000e+05
1.040000000000000036e+00 2.801700000000000000e+04
1.169999999999999929e+00 1.057800000000000000e+04
1.300000000000000044e+00 1.114800000000000000e+04
1.430000000000000160e+00 2.716000000000000000e+03
1.560000000000000053e+00 1.961000000000000000e+03
1.689999999999999947e+00 8.500000000000000000e+02
1.820000000000000062e+00 1.848000000000000000e+03
1.950000000000000178e+00 3.400000000000000000e+02
2.080000000000000071e+00 2.540000000000000000e+02
2.209999999999999964e+00 1.600000000000000000e+02
2.339999999999999858e+00 1.890000000000000000e+02
2.470000000000000195e+00 5.700000000000000000e+01
2.600000000000000089e+00 3.700000000000000000e+01
2.729999999999999982e+00 3.100000000000000000e+01
2.860000000000000320e+00 1.400000000000000000e+01
2.990000000000000213e+00 1.800000000000000000e+01
3.120000000000000107e+00 1.700000000000000000e+01
3.250000000000000000e+00 9.000000000000000000e+00
3.379999999999999893e+00 3.000000000000000000e+00
3.510000000000000231e+00 4.000000000000000000e+00
3.640000000000000124e+00 1.000000000000000000e+00
3.770000000000000018e+00 2.000000000000000000e+00
3.900000000000000355e+00 0.000000000000000000e+00
4.030000000000000249e+00 0.000000000000000000e+00
4.160000000000000142e+00 0.000000000000000000e+00
4.290000000000000036e+00 1.000000000000000000e+00
4.419999999999999929e+00 2.000000000000000000e+00
4.549999999999999822e+00 2.000000000000000000e+00
4.679999999999999716e+00 1.000000000000000000e+00
4.810000000000000497e+00 0.000000000000000000e+00
