2.800572859775775214e+03 3.832429978013857614e-25
3.160262880992059763e+03 0.000000000000000000e+00
3.566149490492402947e+03 2.196544706391706320e-25
4.024165921458729372e+03 1.388216511592272442e-25
4.541007438584345437e+03 1.150578696508325433e-25
5.124229209168268426e+03 1.019538079223048481e-25
5.782356744229226024e+03 9.533970773851277581e-26
6.525010524062846343e+03 7.631524624031925394e-26
7.363046630013166578e+03 6.365651174083160509e-26
8.308715438207633269e+03 4.874578008395676254e-26
9.375840695033926750e+03 3.894443040594241581e-26
1.058002159207628210e+04 3.144826628430315139e-26
1.193886079443410563e+04 2.755550383164091555e-26
1.347222175573118147e+04 2.045638163880019964e-26
1.520251908123528665e+04 1.614913071767785657e-26
1.715504618360400491e+04 2.106195044179513098e-26
1.935834502091435570e+04 3.910953776788354184e-26
2.184462332179110672e+04 2.649579048040560211e-26
2.465022539661300834e+04 3.199849235084277579e-26
2.781616341709491462e+04 3.054927488768522254e-26
3.138871693046842847e+04 2.266800633421371712e-26
3.542010937193346035e+04 1.920325705779556199e-26
3.996927146461115626e+04 1.901769390467538920e-26
4.510270266634626023e+04 1.598079994258617948e-26
5.089544325595148257e+04 1.397910219239321174e-26
5.743217126880923752e+04 1.188807065596310100e-26
6.480844031678861938e+04 1.012584551841926695e-26
7.313207638687688450e+04 1.062021288342492048e-26
8.252475403686770005e+04 1.392009287614323087e-26
9.312377502886798175e+04 8.784924462440023426e-27
1.050840754006126081e+05 9.806477661670008200e-27
1.185804903138693189e+05 1.171092046480517339e-26
1.338103097873922379e+05 1.275879054686729803e-26
1.509961626740185893e+05 6.687660599916123598e-27
1.703892710397634073e+05 8.967501008716678690e-27
1.922731225172881968e+05 7.183881738431687098e-27
2.169676143160489737e+05 8.578421226777084276e-27
2.448337294660882617e+05 5.937005384016078634e-27
2.762788136526037706e+05 5.453586349508487527e-27
3.117625297778362874e+05 6.848154484463795933e-27
3.518035772938113660e+05 4.468907747797851241e-27
3.969872745288504520e+05 3.614980409333229661e-27
4.479741148459807737e+05 3.761886429233058493e-27
5.055094217068053549e+05 3.360532918215164994e-27
5.704342437781407498e+05 3.036505709237624724e-27
6.436976493456298485e+05 2.633419740443031923e-27
7.263705997535474598e+05 2.104505987896494526e-27
8.196616046721476596e+05 1.522540171716643141e-27
9.249343880405847449e+05 9.881672553632649952e-28
1.043727822925412678e+06 7.180122095596686395e-28
1.177778426701571327e+06 5.622880290469153030e-28
1.329045745389465243e+06 4.911373436751158364e-28
1.499740998215283500e+06 5.836900008810586554e-28
1.692359401119528338e+06 7.689777967277702531e-28
1.909716641717438120e+06 9.602483849474489649e-28
2.154990038900697138e+06 1.247694026554478759e-27
2.431764988749756012e+06 1.722798683778028392e-27
2.744087375701135490e+06 2.393818146933616415e-27
3.096522715113911312e+06 2.912922204024819246e-27
3.494222891778912395e+06 3.570272519196091968e-27
3.943001469951313920e+06 3.877150447596778028e-27
4.449418675785474479e+06 3.877101085328999796e-27
5.020877294441636652e+06 3.273150494466982906e-27
5.665730883684325963e+06 2.405216600522923584e-27
