2.800572859775775214e+03 1.159080808313469602e+00
3.160262880992059763e+03 0.000000000000000000e+00
3.566149490492402947e+03 1.147151453886323891e+00
4.024165921458729372e+03 1.138832583263325926e+00
4.541007438584345437e+03 1.151789147800261981e+00
5.124229209168268426e+03 1.151281742914846973e+00
5.782356744229226024e+03 1.151626645380830150e+00
6.525010524062846343e+03 1.153653308033305347e+00
7.363046630013166578e+03 1.142687785596863570e+00
8.308715438207633269e+03 1.123011644217715155e+00
9.375840695033926750e+03 1.128560702778920399e+00
1.058002159207628210e+04 1.141279359063620102e+00
1.193886079443410563e+04 1.137721678677956261e+00
1.347222175573118147e+04 1.123938238415120638e+00
1.520251908123528665e+04 1.111694379886364104e+00
1.715504618360400491e+04 1.130129927686549296e+00
1.935834502091435570e+04 1.134910789239510054e+00
2.184462332179110672e+04 1.134873330208937769e+00
2.465022539661300834e+04 1.131747255309837552e+00
2.781616341709491462e+04 1.156160474604277733e+00
3.138871693046842847e+04 1.140169453237943165e+00
3.542010937193346035e+04 1.136701393693523521e+00
3.996927146461115626e+04 1.137660363966725985e+00
4.510270266634626023e+04 1.139997051808353534e+00
5.089544325595148257e+04 1.144566144694102228e+00
5.743217126880923752e+04 1.125986496207628473e+00
6.480844031678861938e+04 1.105294050092390012e+00
7.313207638687688450e+04 1.141692589145667514e+00
8.252475403686770005e+04 1.128694251830536954e+00
9.312377502886798175e+04 1.146703605885578181e+00
1.050840754006126081e+05 1.129808703671637327e+00
1.185804903138693189e+05 1.110346350962297279e+00
1.338103097873922379e+05 1.139757922183027627e+00
1.509961626740185893e+05 1.125450388382631672e+00
1.703892710397634073e+05 1.150662986277074307e+00
1.922731225172881968e+05 1.126478332287571549e+00
2.169676143160489737e+05 1.128207746401495681e+00
2.448337294660882617e+05 1.161448096249317663e+00
2.762788136526037706e+05 1.149265390248852770e+00
3.117625297778362874e+05 1.158746757817216810e+00
3.518035772938113660e+05 1.159039967303477026e+00
3.969872745288504520e+05 1.163123124723254964e+00
4.479741148459807737e+05 1.165968751513545287e+00
5.055094217068053549e+05 1.158957643890350830e+00
5.704342437781407498e+05 1.154082383468694628e+00
6.436976493456298485e+05 1.132100984888212869e+00
7.263705997535474598e+05 1.063781162664162450e+00
8.196616046721476596e+05 9.063256331734401705e-01
9.249343880405847449e+05 6.727798835982744530e-01
1.043727822925412678e+06 5.467053963027088681e-01
1.177778426701571327e+06 4.449502999713433882e-01
1.329045745389465243e+06 3.736335876159482816e-01
1.499740998215283500e+06 3.912145914189733564e-01
1.692359401119528338e+06 4.631490946273767451e-01
1.909716641717438120e+06 4.992098560116359218e-01
2.154990038900697138e+06 5.748345681135790253e-01
2.431764988749756012e+06 7.188917103742188397e-01
2.744087375701135490e+06 9.146538906816931158e-01
3.096522715113911312e+06 9.933309298056671732e-01
3.494222891778912395e+06 1.036646637332788945e+00
3.943001469951313920e+06 1.034795630797495702e+00
4.449418675785474479e+06 1.027736288113074714e+00
5.020877294441636652e+06 1.018770104676077537e+00
5.665730883684325963e+06 9.810782309754476627e-01
