0.000000000000000000e+00 2.236000000000000000e+03
1.300000000000000044e-01 4.366900000000000000e+05
2.600000000000000089e-01 4.398520000000000000e+05
3.900000000000000133e-01 1.378850000000000000e+05
5.200000000000000178e-01 2.353150000000000000e+05
6.500000000000000222e-01 1.047980000000000000e+05
7.800000000000000266e-01 2.206400000000000000e+04
9.100000000000000311e-01 9.906000000000000000e+03
1.040000000000000036e+00 2.297000000000000000e+03
1.169999999999999929e+00 8.140000000000000000e+02
1.300000000000000044e+00 8.030000000000000000e+02
1.430000000000000160e+00 1.780000000000000000e+02
1.560000000000000053e+00 1.080000000000000000e+02
1.689999999999999947e+00 5.200000000000000000e+01
1.820000000000000062e+00 9.200000000000000000e+01
1.950000000000000178e+00 2.700000000000000000e+01
2.080000000000000071e+00 1.000000000000000000e+01
2.209999999999999964e+00 4.000000000000000000e+00
2.339999999999999858e+00 4.000000000000000000e+00
2.470000000000000195e+00 2.000000000000000000e+00
2.600000000000000089e+00 0.000000000000000000e+00
2.729999999999999982e+00 0.000000000000000000e+00
2.860000000000000320e+00 0.000000000000000000e+00
2.990000000000000213e+00 0.000000000000000000e+00
3.120000000000000107e+00 0.000000000000000000e+00
3.250000000000000000e+00 0.000000000000000000e+00
3.379999999999999893e+00 0.000000000000000000e+00
3.510000000000000231e+00 1.000000000000000000e+00
3.640000000000000124e+00 0.000000000000000000e+00
3.770000000000000018e+00 0.000000000000000000e+00
3.900000000000000355e+00 0.000000000000000000e+00
4.030000000000000249e+00 0.000000000000000000e+00
4.160000000000000142e+00 0.000000000000000000e+00
4.290000000000000036e+00 0.000000000000000000e+00
4.419999999999999929e+00 0.000000000000000000e+00
4.549999999999999822e+00 0.000000000000000000e+00
4.679999999999999716e+00 0.000000000000000000e+00
4.810000000000000497e+00 0.000000000000000000e+00
