4.313859449853615661e+04 1.476115190655765233e-30
4.783727095480563003e+04 1.755712702437683654e-30
5.304772951008277596e+04 2.001128547873464719e-30
5.882571371668548090e+04 2.277373410235357899e-30
6.523303874145461305e+04 2.666897013394955416e-30
7.233825268892776512e+04 3.181727801551453355e-30
8.021736995615062187e+04 3.681267762797488306e-30
8.895468446484685410e+04 4.441967972432298611e-30
9.864367147122789174e+04 5.085997700766882493e-30
1.093879876013598841e+05 5.792140770044974079e-30
1.213025798108637973e+05 6.406314156120215481e-30
1.345149151330402528e+05 7.292053292390374330e-30
1.491663443717501941e+05 8.597954763433218344e-30
1.654136143283806159e+05 1.029296354730136686e-29
1.834305447412985377e+05 1.200531618654043717e-29
2.034098878783560358e+05 1.386411648600333205e-29
2.255653906771057518e+05 1.584126862827839968e-29
2.501340814943207079e+05 1.411753613599250569e-29
2.773788059293701081e+05 1.270068503912458238e-29
3.075910388506976888e+05 1.390925210770106051e-29
3.410940027095759287e+05 1.530025215256110697e-29
3.782461255020931130e+05 1.735388700396985893e-29
4.194448753740237444e+05 1.970200525948009780e-29
4.651310128927064943e+05 2.221569045388269565e-29
5.157933064784166054e+05 2.400576295639873449e-29
5.719737614427935332e+05 2.408034528503063104e-29
6.342734185766477603e+05 3.240851603497152748e-29
7.033587843227389967e+05 9.934056095901222267e-29
7.799689613260654733e+05 1.506714819420993021e-28
8.649235556471231394e+05 1.843586774367413011e-28
9.591314452326293103e+05 2.210608320440509616e-28
1.063600503452298697e+06 2.517207493189491104e-28
1.179448381727918517e+06 2.718982962088876772e-28
1.307914466611563927e+06 2.720132045465407994e-28
1.450373139234533999e+06 2.699757630096336484e-28
1.608348478981827386e+06 2.862007457570331216e-28
1.783530568697921000e+06 2.482887895278644680e-28
1.977793575863402570e+06 1.773442591161368253e-28
2.193215803182047792e+06 1.357981112475255581e-28
2.432101923087491654e+06 1.115721542530486623e-28
2.697007634043065831e+06 9.510552494748751075e-29
2.990767002417648211e+06 8.507368661125168617e-29
3.316522782451796345e+06 8.008566015525745820e-29
3.677760038689168170e+06 7.428991008139079472e-29
4.078343430579326116e+06 7.027184196867963042e-29
4.522558558137426153e+06 6.528288237469689608e-29
5.015157810993043706e+06 6.196533674494576674e-29
5.561411211339423433e+06 5.958014142931411687e-29
6.167162794721224345e+06 5.463809954839261197e-29
6.838893131844779477e+06 4.861678797223230272e-29
7.583788660293970257e+06 4.390187206218074698e-29
8.409818567889962345e+06 4.043219491878615592e-29
9.325820050223452970e+06 3.900015975819204608e-29
1.034159285447829962e+07 3.929794620082247824e-29
1.146800412101390585e+07 3.861186303410768435e-29
1.271710464434316009e+07 3.733988423624112735e-29
1.410225779731198773e+07 3.749270722722153322e-29
1.563828249776255712e+07 3.790344954295529894e-29
1.734161174719419330e+07 3.846945377961290057e-29
1.923046843753148988e+07 4.461306164948197674e-29
2.132506030685003474e+07 4.876904237090926797e-29
2.364779612977361679e+07 4.937902390374356840e-29
2.622352545543348789e+07 3.141638046958575413e-29
2.907980445780131221e+07 6.506131194858075409e-30
