4.313859449853615661e+04 3.513516963871142540e+00
4.783727095480563003e+04 3.513515813328873527e+00
5.304772951008277596e+04 3.513514282366033470e+00
5.882571371668548090e+04 3.513517516948351904e+00
6.523303874145461305e+04 3.513514787005318940e+00
7.233825268892776512e+04 3.513514515617928602e+00
8.021736995615062187e+04 3.513513675395822489e+00
8.895468446484685410e+04 3.513510799922795691e+00
9.864367147122789174e+04 3.513510469185020746e+00
1.093879876013598841e+05 3.513512371485526753e+00
1.213025798108637973e+05 3.513513484304460199e+00
1.345149151330402528e+05 3.513507319923564243e+00
1.491663443717501941e+05 3.513511937789307371e+00
1.654136143283806159e+05 3.513512021863272494e+00
1.834305447412985377e+05 3.513512763138191719e+00
2.034098878783560358e+05 3.513514227227477527e+00
2.255653906771057518e+05 3.513513730886928865e+00
2.501340814943207079e+05 3.513517469300382778e+00
2.773788059293701081e+05 3.513516797755387611e+00
3.075910388506976888e+05 3.513514066624467080e+00
3.410940027095759287e+05 3.513521417149857662e+00
3.782461255020931130e+05 3.513514529607866255e+00
4.194448753740237444e+05 3.513515095323012538e+00
4.651310128927064943e+05 3.513517966592205610e+00
5.157933064784166054e+05 3.513516962627057261e+00
5.719737614427935332e+05 3.510939227093465398e+00
6.342734185766477603e+05 3.258873412688850113e+00
7.033587843227389967e+05 1.527982216292395501e+00
7.799689613260654733e+05 6.525173676110855858e-01
8.649235556471231394e+05 4.849232328922415958e-01
9.591314452326293103e+05 4.227408391755373973e-01
1.063600503452298697e+06 3.826908716670138211e-01
1.179448381727918517e+06 4.595008624779725603e-01
1.307914466611563927e+06 5.420697878115677826e-01
1.450373139234533999e+06 5.542264020157998683e-01
1.608348478981827386e+06 4.676395040305930118e-01
1.783530568697921000e+06 5.751883524092644695e-01
1.977793575863402570e+06 7.448924983049801662e-01
2.193215803182047792e+06 8.973676379891786237e-01
2.432101923087491654e+06 1.084441665143115463e+00
2.697007634043065831e+06 1.187779945553483874e+00
2.990767002417648211e+06 1.268894681796202573e+00
3.316522782451796345e+06 1.358762058992250665e+00
3.677760038689168170e+06 1.501677218468521202e+00
4.078343430579326116e+06 1.693388957266940720e+00
4.522558558137426153e+06 1.932103947232973962e+00
5.015157810993043706e+06 2.121771596524760550e+00
5.561411211339423433e+06 2.309613372398440223e+00
6.167162794721224345e+06 2.554909147981900830e+00
6.838893131844779477e+06 2.812812897720303962e+00
7.583788660293970257e+06 3.058745490094106678e+00
8.409818567889962345e+06 3.259135281827052921e+00
9.325820050223452970e+06 3.356462535575353012e+00
1.034159285447829962e+07 3.421888742678131479e+00
1.146800412101390585e+07 3.455734393841546126e+00
1.271710464434316009e+07 3.471817848067106471e+00
1.410225779731198773e+07 3.480240300720347957e+00
1.563828249776255712e+07 3.489956970643417034e+00
1.734161174719419330e+07 3.502170974546088722e+00
1.923046843753148988e+07 3.510986373486804091e+00
2.132506030685003474e+07 3.515883042614716736e+00
2.364779612977361679e+07 3.528281351173751634e+00
2.622352545543348789e+07 3.512813144538265320e+00
2.907980445780131221e+07 3.508421122362971989e+00
