0.000000000000000000e+00 3.501000000000000223e-01
1.300000000000000044e-01 1.026447000000000003e+02
2.600000000000000089e-01 1.309873666666666736e+02
3.900000000000000133e-01 5.244339999999999691e+01
5.200000000000000178e-01 8.539703333333334001e+01
6.500000000000000222e-01 7.670626666666666438e+01
7.800000000000000266e-01 2.387650000000000006e+01
9.100000000000000311e-01 9.538133333333332686e+00
1.040000000000000036e+00 2.435266666666666691e+00
1.169999999999999929e+00 9.544666666666666854e-01
1.300000000000000044e+00 1.011666666666666714e+00
1.430000000000000160e+00 2.651000000000000023e-01
1.560000000000000053e+00 1.868666666666666532e-01
1.689999999999999947e+00 9.056666666666667032e-02
1.820000000000000062e+00 1.900666666666666615e-01
1.950000000000000178e+00 3.729999999999999982e-02
2.080000000000000071e+00 2.806666666666666685e-02
2.209999999999999964e+00 1.656666666666666704e-02
2.339999999999999858e+00 2.369999999999999885e-02
2.470000000000000195e+00 6.733333333333333358e-03
2.600000000000000089e+00 5.166666666666666630e-03
2.729999999999999982e+00 3.033333333333333194e-03
2.860000000000000320e+00 2.466666666666666487e-03
2.990000000000000213e+00 2.133333333333333436e-03
3.120000000000000107e+00 1.233333333333333243e-03
3.250000000000000000e+00 7.666666666666666899e-04
3.379999999999999893e+00 5.666666666666667074e-04
3.510000000000000231e+00 4.666666666666666619e-04
3.640000000000000124e+00 2.000000000000000096e-04
3.770000000000000018e+00 2.999999999999999737e-04
3.900000000000000355e+00 2.333333333333333310e-04
4.030000000000000249e+00 1.333333333333333397e-04
4.160000000000000142e+00 3.333333333333333493e-05
4.290000000000000036e+00 0.000000000000000000e+00
4.419999999999999929e+00 3.333333333333333493e-05
4.549999999999999822e+00 0.000000000000000000e+00
4.679999999999999716e+00 3.333333333333333493e-05
4.810000000000000497e+00 0.000000000000000000e+00
