2.654880491459170116e+03 7.032479829166159435e-01
3.063539340753768556e+03 8.483015903570748639e-01
3.535101983889192525e+03 9.378446216084297404e-01
4.079251038252537910e+03 6.713832614457662107e-01
4.707159541342954071e+03 5.955171595559781705e-01
5.431720367263234948e+03 5.720675154187302436e-01
6.267810956695313507e+03 5.443504517406237975e-01
7.232598796072360528e+03 5.115625457582372304e-01
8.345893918365389254e+03 5.196109226459235675e-01
9.630555663399138211e+03 5.248247734469775327e-01
1.111296204972546184e+04 5.247385563561262067e-01
1.282355139568855157e+04 5.417466639172308085e-01
1.479744731081201098e+04 5.552327762008566481e-01
1.707517989048465461e+04 5.508512372015172964e-01
1.970351792226872203e+04 5.755761901663980495e-01
2.273642919156065182e+04 5.518061486772465329e-01
2.623618860460471478e+04 5.950882831598026668e-01
3.027465688200012664e+04 6.094173052695891490e-01
3.493475607817414129e+04 6.097820815222815272e-01
4.031217222373005643e+04 5.710941097860716686e-01
4.651732005110389582e+04 5.869520154579984661e-01
5.367761014533128764e+04 5.783623515785387692e-01
6.194006507143560884e+04 5.771726389691682613e-01
7.147433819550125918e+04 5.693956043735357575e-01
8.247619718502319301e+04 5.672412648147174830e-01
9.517154371540551074e+04 5.502438756220427996e-01
1.098210519194271474e+05 5.566183632748362697e-01
1.267255208211700228e+05 5.730703398964868134e-01
1.462320506561812363e+05 5.653743881984010233e-01
1.687411698965353426e+05 5.541003591364778158e-01
1.947150593203270109e+05 5.724482629800922151e-01
2.246870419907934265e+05 5.705608198078810922e-01
2.592725340032412496e+05 5.685748045435912168e-01
2.991816808519661427e+05 5.822946431526169198e-01
3.452339388802701142e+05 5.675802571156997045e-01
3.983749012151550269e+05 5.852427993739710566e-01
4.596957136743843439e+05 5.994851849242898156e-01
5.304554793136205990e+05 6.152224186176489251e-01
6.121071116472383728e+05 5.976651896319273849e-01
7.063271673881718889e+05 5.964464798466441176e-01
8.150502712638261728e+05 5.852774503680958640e-01
9.405088397543644533e+05 5.320911473675958847e-01
1.085278919402721338e+06 5.060537678010649243e-01
1.252333080896461615e+06 4.758152372034739064e-01
1.445101454998086207e+06 3.669969532266127987e-01
1.667542163577359170e+06 2.810636619384427881e-01
1.924222591909258161e+06 3.095015674710152043e-01
2.220413171005386859e+06 3.826849579439555726e-01
2.562195595615735278e+06 5.585983313733684508e-01
2.956587699946024455e+06 7.681425031606355924e-01
3.411687555169425905e+06 1.026585512515072018e+00
3.936839747493511066e+06 1.178994108634775939e+00
4.542827250977592543e+06 1.470927646060617322e+00
5.242092834833796136e+06 1.657196636928129463e+00
6.048994551378192380e+06 1.776488903215485360e+00
6.980100550577750430e+06 1.832452089180899524e+00
8.054529274633768015e+06 1.834610182266431577e+00
9.294342017832752317e+06 1.829999095848297230e+00
1.072499591211422160e+07 1.980760056728579022e+00
1.237586663952875510e+07 2.121719400756546303e+00
1.428085160446536168e+07 2.029207953217075033e+00
1.647906595061099529e+07 2.030112789040156684e+00
1.901564571399052441e+07 1.970071196657814161e+00
2.194267460326534882e+07 2.390235359429678574e+00
