1.027724800439301465e-28 2.431306881417270750e+06
1.084711730436702641e-28 1.926232524933895096e+06
1.144858562957756617e-28 2.021188081000159960e+06
1.208340513336215222e-28 2.058257937755335588e+06
1.275342512526154676e-28 2.042144503236544086e+06
1.346059745829244712e-28 1.967351391454220284e+06
1.420698221494230206e-28 2.009302758438426070e+06
1.499475370845026489e-28 1.889898002424442908e+06
1.582620681685678208e-28 1.914244465234000236e+06
1.670376366827371642e-28 1.953469784428041661e+06
1.762998069685000417e-28 2.156738392248895019e+06
1.860755608998781181e-28 2.183172984020738397e+06
1.963933764850385306e-28 2.175899323465947993e+06
2.072833108263351352e-28 2.224113853682074230e+06
2.187770876804508752e-28 2.208956133204814512e+06
2.309081898737149892e-28 2.199728199981361628e+06
2.437119568418131475e-28 2.202018267368129920e+06
2.572256875780349920e-28 2.229360123995281756e+06
2.714887492899612738e-28 2.161168522546987049e+06
2.865426920811207332e-28 2.261763384260134306e+06
3.024313699916993651e-28 2.292167813602634240e+06
3.192010687509081833e-28 2.226849307573640719e+06
3.369006406131695548e-28 2.176211503602860495e+06
3.555816466709154833e-28 2.158432584948024247e+06
3.752985070585742104e-28 2.090323725601167185e+06
3.961086594853076882e-28 1.915819904523259029e+06
4.180727265583264181e-28 1.808954101283157710e+06
4.412546923842150097e-28 1.753280004264553776e+06
4.657220889627305037e-28 1.727429528107934631e+06
4.915461929160630292e-28 1.708824473859367892e+06
5.188022331266555162e-28 1.725258009175362298e+06
5.475696098884565576e-28 1.739251254039695254e+06
5.779321262100238736e-28 1.742523890141615411e+06
6.099782319432920967e-28 1.759770534297697013e+06
6.438012814491836221e-28 1.761408082207892789e+06
6.794998055506739429e-28 1.780222852768308017e+06
7.171777985655471486e-28 1.818392868717007805e+06
7.569450212550018955e-28 1.857427742522414075e+06
7.989173205706374611e-28 1.881950404174529947e+06
8.432169671312822093e-28 1.922078413904641522e+06
8.899730114127778003e-28 1.955794211258695927e+06
9.393216596883448321e-28 2.008113370276736328e+06
9.914066708146905342e-28 2.038062567926653894e+06
1.046379775019749664e-27 2.052326534753492102e+06
1.104401115912037121e-27 2.084331125794366002e+06
1.165639716999243417e-27 2.122603498246565461e+06
1.230273974075099163e-27 2.148679429321696516e+06
1.298492174908896154e-27 2.171929561542531475e+06
1.370493047751583600e-27 2.208811468477985822e+06
1.446486340256309352e-27 2.241423651242684107e+06
1.526693430499872802e-27 2.275645744396496098e+06
1.611347971885075904e-27 2.309230228255064692e+06
1.700696573802649976e-27 2.354077057881814428e+06
1.794999520035614359e-27 2.429125462271157652e+06
1.894531526998873059e-27 2.519396688523372170e+06
1.999582544022890693e-27 2.607964606165915728e+06
2.110458598012781879e-27 2.650353994174708612e+06
2.227482684943406623e-27 2.687262351511323825e+06
2.350995710787517302e-27 2.754233989859268069e+06
2.481357484617993181e-27 2.767942662392892409e+06
2.618947766777194748e-27 2.845528087337515783e+06
2.764167375166899247e-27 2.756046215522403363e+06
2.917439352881559575e-27 2.746576559108790942e+06
3.079210200586371446e-27 2.697219231077304576e+06
3.249951177230208569e-27 2.677509478801279329e+06
3.430159672882569917e-27 2.151648904786509927e+06
3.620360657693788375e-27 1.929852895020023687e+06
3.821108211199505565e-27 1.675697817918721121e+06
4.032987136424470424e-27 1.644596760189809138e+06
4.256614663487747265e-27 1.169086491715424694e+06
4.492642247672151537e-27 9.158525148262482835e+05
4.741757467195922973e-27 8.105952230925939512e+05
5.004686026215072034e-27 6.305950258967047557e+05
5.282193868891419711e-27 4.459870793463125010e+05
5.575089410684852781e-27 3.762960927699864260e+05
5.884225893369853549e-27 2.894563899643532350e+05
6.210503870636753550e-27 2.395445752715835697e+05
6.554873831518579923e-27 2.003766615024921775e+05
6.918338969285885172e-27 1.980153783258060867e+05
7.301958103875672830e-27 2.014282465605896141e+05
7.706848766367860085e-27 1.777282477375743911e+05
8.134190454494711290e-27 1.695889344111149549e+05
8.585228068666985687e-27 1.297389781266485224e+05
9.061275538526350437e-27 1.393190143557646661e+05
9.563719650588683841e-27 1.021092240106785903e+05
1.009402408812867928e-26 1.158302551089738554e+05
1.065373369507441849e-26 1.113899767599582701e+05
1.124447897633322034e-26 1.143118363536697725e+05
1.186798084765873996e-26 8.377122001814554096e+04
1.252605564889632156e-26 7.452029365266417153e+04
1.322062043521079366e-26 5.629394851577586087e+04
1.395369856171073215e-26 5.384852741986128967e+04
1.472742557773793112e-26 6.100359710799298045e+04
1.554405544799282974e-26 4.162322225124882971e+04
1.640596711861890698e-26 3.951711269108111446e+04
1.731567144737380843e-26 4.452646360706807172e+04
1.827581851807570918e-26 4.249494246709410072e+04
1.928920536063278854e-26 3.658182980251545814e+04
2.035878409914528481e-26 2.606815075945011995e+04
2.148767055181654099e-26 2.758663411173022178e+04
2.267915330772567865e-26 2.804403884467031094e+04
2.393670330690371539e-26 3.004776273977662640e+04
2.526398395162106105e-26 2.182028111512078613e+04
2.666486177834188155e-26 2.245862386689449340e+04
2.814341772143405677e-26 1.964008881715945608e+04
2.970395900144737719e-26 1.735527053629013972e+04
3.135103167259202300e-26 2.184598557813562365e+04
3.308943386596969003e-26 1.411303276088906932e+04
3.492422976713663932e-26 1.988598955180433040e+04
3.686076436871699669e-26 1.619665874792933937e+04
3.890467904104258270e-26 1.800962247089155790e+04
4.106192796617854612e-26 1.747829740036612566e+04
4.333879548320909308e-26 1.350302937644764097e+04
4.574191439531243568e-26 1.145193002645070192e+04
4.827828529195573837e-26 1.045284269413127186e+04
5.095529694249801223e-26 1.158292767855429156e+04
5.378074782061022904e-26 1.221826076172561261e+04
5.676286882221587169e-26 1.123515678179970928e+04
5.991034724313222958e-26 8.177332060979761081e+03
6.323235208626242583e-26 1.516161629076698046e+04
6.673856077206098031e-26 8.305587239709333517e+03
7.043918733008414875e-26 9.372114271785439996e+03
7.434501215375047433e-26 6.944327577143682902e+03
7.846741340499081768e-26 7.248106459149285911e+03
8.281840016027390442e-26 1.070082213683534428e+04
8.741064739456552683e-26 8.954428678945516367e+03
9.225753290513447541e-26 7.218887589574540470e+03
9.737317628276876505e-26 1.180366238829650865e+04
