0.000000000000000000e+00 4.237666666666666665e-02
1.300000000000000044e-01 1.642325333333333148e+01
2.600000000000000089e-01 2.567681666666666729e+01
3.900000000000000133e-01 1.920243333333333524e+01
5.200000000000000178e-01 1.399806333333333441e+01
6.500000000000000222e-01 5.064064666666666881e+01
7.800000000000000266e-01 2.356080666666666446e+01
9.100000000000000311e-01 9.055039999999999978e+00
1.040000000000000036e+00 2.537133333333333240e+00
1.169999999999999929e+00 1.060619999999999896e+00
1.300000000000000044e+00 1.171049999999999924e+00
1.430000000000000160e+00 2.913300000000000334e-01
1.560000000000000053e+00 2.347866666666666713e-01
1.689999999999999947e+00 1.162866666666666632e-01
1.820000000000000062e+00 2.287366666666666715e-01
1.950000000000000178e+00 4.563999999999999307e-02
2.080000000000000071e+00 3.668333333333333168e-02
2.209999999999999964e+00 2.151666666666666658e-02
2.339999999999999858e+00 2.728666666666666740e-02
2.470000000000000195e+00 8.269999999999999574e-03
2.600000000000000089e+00 5.236666666666666380e-03
2.729999999999999982e+00 4.263333333333333384e-03
2.860000000000000320e+00 2.613333333333333394e-03
2.990000000000000213e+00 1.809999999999999977e-03
3.120000000000000107e+00 1.043333333333333396e-03
3.250000000000000000e+00 6.533333333333333484e-04
3.379999999999999893e+00 4.333333333333333134e-04
3.510000000000000231e+00 3.066666666666666759e-04
3.640000000000000124e+00 1.666666666666666611e-04
3.770000000000000018e+00 1.600000000000000131e-04
3.900000000000000355e+00 8.333333333333333055e-05
4.030000000000000249e+00 3.000000000000000076e-05
4.160000000000000142e+00 3.666666666666666571e-05
4.290000000000000036e+00 1.666666666666666747e-05
4.419999999999999929e+00 1.666666666666666747e-05
4.549999999999999822e+00 2.000000000000000164e-05
4.679999999999999716e+00 3.333333333333333747e-06
4.810000000000000497e+00 0.000000000000000000e+00
