0.000000000000000000e+00 4.345999999999999863e-01
1.300000000000000044e-01 1.134759600000000006e+02
2.600000000000000089e-01 1.227030400000000014e+02
3.900000000000000133e-01 3.826184800000000052e+01
5.200000000000000178e-01 7.598171999999999571e+01
6.500000000000000222e-01 1.831699200000000261e+01
7.800000000000000266e-01 2.297848000000000113e+00
9.100000000000000311e-01 1.343103999999999854e+00
1.040000000000000036e+00 2.593119999999999870e-01
1.169999999999999929e+00 8.161600000000000799e-02
1.300000000000000044e+00 6.264000000000000123e-02
1.430000000000000160e+00 1.430400000000000074e-02
1.560000000000000053e+00 6.455999999999999933e-03
1.689999999999999947e+00 2.279999999999999909e-03
1.820000000000000062e+00 1.912000000000000071e-03
1.950000000000000178e+00 4.560000000000000251e-04
2.080000000000000071e+00 1.680000000000000178e-04
2.209999999999999964e+00 1.040000000000000072e-04
2.339999999999999858e+00 4.000000000000000327e-05
2.470000000000000195e+00 0.000000000000000000e+00
2.600000000000000089e+00 1.599999999999999928e-05
2.729999999999999982e+00 0.000000000000000000e+00
2.860000000000000320e+00 0.000000000000000000e+00
2.990000000000000213e+00 0.000000000000000000e+00
3.120000000000000107e+00 0.000000000000000000e+00
3.250000000000000000e+00 0.000000000000000000e+00
3.379999999999999893e+00 0.000000000000000000e+00
3.510000000000000231e+00 0.000000000000000000e+00
3.640000000000000124e+00 0.000000000000000000e+00
3.770000000000000018e+00 0.000000000000000000e+00
3.900000000000000355e+00 0.000000000000000000e+00
4.030000000000000249e+00 0.000000000000000000e+00
4.160000000000000142e+00 0.000000000000000000e+00
4.290000000000000036e+00 0.000000000000000000e+00
4.419999999999999929e+00 0.000000000000000000e+00
4.549999999999999822e+00 0.000000000000000000e+00
4.679999999999999716e+00 0.000000000000000000e+00
4.810000000000000497e+00 0.000000000000000000e+00
