0.000000000000000000e+00 4.525500000000000078e-01
1.300000000000000044e-01 1.029890000000000043e+02
2.600000000000000089e-01 1.270434999999999945e+02
3.900000000000000133e-01 4.859532000000000096e+01
5.200000000000000178e-01 7.420905000000000484e+01
6.500000000000000222e-01 6.086773999999999774e+01
7.800000000000000266e-01 2.208590999999999838e+01
9.100000000000000311e-01 9.251369999999999649e+00
1.040000000000000036e+00 2.593900000000000095e+00
1.169999999999999929e+00 1.022739999999999982e+00
1.300000000000000044e+00 1.002389999999999892e+00
1.430000000000000160e+00 3.249500000000000166e-01
1.560000000000000053e+00 2.035599999999999909e-01
1.689999999999999947e+00 1.132800000000000057e-01
1.820000000000000062e+00 2.725400000000000045e-01
1.950000000000000178e+00 6.259000000000000674e-02
2.080000000000000071e+00 4.356999999999999762e-02
2.209999999999999964e+00 2.801999999999999977e-02
2.339999999999999858e+00 5.292999999999999788e-02
2.470000000000000195e+00 1.359999999999999924e-02
2.600000000000000089e+00 1.091999999999999915e-02
2.729999999999999982e+00 8.120000000000000481e-03
2.860000000000000320e+00 6.949999999999999581e-03
2.990000000000000213e+00 6.139999999999999625e-03
3.120000000000000107e+00 5.440000000000000391e-03
3.250000000000000000e+00 2.799999999999999972e-03
3.379999999999999893e+00 2.200000000000000133e-03
3.510000000000000231e+00 1.529999999999999893e-03
3.640000000000000124e+00 1.490000000000000005e-03
3.770000000000000018e+00 1.860000000000000108e-03
3.900000000000000355e+00 9.799999999999999684e-04
4.030000000000000249e+00 7.299999999999999632e-04
4.160000000000000142e+00 6.599999999999999964e-04
4.290000000000000036e+00 5.000000000000000104e-04
4.419999999999999929e+00 5.599999999999999509e-04
4.549999999999999822e+00 3.600000000000000227e-04
4.679999999999999716e+00 2.500000000000000052e-04
4.810000000000000497e+00 2.400000000000000061e-04
