0.000000000000000000e+00 2.418399999999999994e-01
1.300000000000000044e-01 6.154565999999999804e+01
2.600000000000000089e-01 7.601883999999999730e+01
3.900000000000000133e-01 3.107456000000000174e+01
5.200000000000000178e-01 4.556421000000000276e+01
6.500000000000000222e-01 4.560678000000000054e+01
7.800000000000000266e-01 1.647917999999999950e+01
9.100000000000000311e-01 6.486600000000000144e+00
1.040000000000000036e+00 1.836489999999999956e+00
1.169999999999999929e+00 7.593400000000000150e-01
1.300000000000000044e+00 7.557099999999999929e-01
1.430000000000000160e+00 2.262699999999999989e-01
1.560000000000000053e+00 1.588299999999999990e-01
1.689999999999999947e+00 8.430999999999999606e-02
1.820000000000000062e+00 1.732599999999999973e-01
1.950000000000000178e+00 3.790000000000000313e-02
2.080000000000000071e+00 3.006999999999999951e-02
2.209999999999999964e+00 1.905000000000000096e-02
2.339999999999999858e+00 2.793999999999999956e-02
2.470000000000000195e+00 8.789999999999999203e-03
2.600000000000000089e+00 6.060000000000000282e-03
2.729999999999999982e+00 4.789999999999999987e-03
2.860000000000000320e+00 3.490000000000000047e-03
2.990000000000000213e+00 2.700000000000000143e-03
3.120000000000000107e+00 2.289999999999999935e-03
3.250000000000000000e+00 1.240000000000000000e-03
3.379999999999999893e+00 1.049999999999999935e-03
3.510000000000000231e+00 7.799999999999999859e-04
3.640000000000000124e+00 5.800000000000000034e-04
3.770000000000000018e+00 5.800000000000000034e-04
3.900000000000000355e+00 3.800000000000000209e-04
4.030000000000000249e+00 3.499999999999999964e-04
4.160000000000000142e+00 2.700000000000000035e-04
4.290000000000000036e+00 1.700000000000000122e-04
4.419999999999999929e+00 9.000000000000000567e-05
4.549999999999999822e+00 1.100000000000000039e-04
4.679999999999999716e+00 9.000000000000000567e-05
4.810000000000000497e+00 8.000000000000000654e-05
